1 1.3e-07
2 1e-07
3 1e-07
4 1e-07
5 9e-08
6 1e-07
7 1e-07
8 9e-08
9 9e-08
10 2.01e-07
11 1e-07
12 9e-08
13 9e-08
14 1.01e-07
15 9e-08
16 9e-08
17 9e-08
18 1e-07
19 1e-07
20 1e-07
21 9e-08
22 9e-08
23 9e-08
24 1e-07
25 1e-07
26 1.5e-07
27 2.4e-07
28 4.81e-07
29 1.7e-07
30 1e-07
31 9.1e-08
32 1.01e-07
33 9e-08
34 1.01e-07
35 1e-07
36 9e-08
37 1e-07
38 1e-07
39 1.01e-07
40 1e-07
41 9e-08
42 9e-08
43 9e-08
44 1.01e-07
45 1.01e-07
46 9e-08
47 1e-07
48 1e-07
49 9e-08
50 9e-08
51 1e-07
52 9e-08
53 1.9e-07
54 1e-07
55 1.01e-07
56 9e-08
57 9e-08
58 9.1e-08
59 1e-07
60 9e-08
61 9.1e-08
62 1.01e-07
63 9e-08
64 1.01e-07
65 9e-08
66 9e-08
67 1e-07
68 9e-08
69 9e-08
70 9e-08
71 1e-07
72 9e-08
73 9e-08
74 1e-07
75 9e-08
76 9e-08
77 9e-08
78 1e-07
79 1.01e-07
80 9e-08
81 9e-08
82 9.1e-08
83 1e-07
84 9.1e-08
85 1e-07
86 9e-08
87 9e-08
88 9.1e-08
89 9e-08
90 9e-08
91 9e-08
92 9e-08
93 9.1e-08
94 9e-08
95 9e-08
96 9e-08
97 9e-08
98 1.01e-07
99 9e-08
100 9e-08
101 9e-08
102 1e-07
103 1e-07
104 9e-08
105 9.1e-08
106 9.1e-08
107 9e-08
108 1e-07
109 9e-08
110 9e-08
111 9e-08
112 1e-07
113 9e-08
114 9e-08
115 9.1e-08
116 1e-07
117 9e-08
118 1.01e-07
119 1e-07
120 1e-07
121 9e-08
122 9e-08
123 9e-08
124 1e-07
125 1.9e-07
126 1.91e-07
127 1.7e-07
128 1.01e-07
129 9.1e-08
130 9e-08
131 9e-08
132 9e-08
133 9e-08
134 9.1e-08
135 9e-08
136 9.1e-08
137 1e-07
138 1.01e-07
139 1e-07
140 9e-08
141 9e-08
142 1.1e-07
143 1e-07
144 9e-08
145 9e-08
146 1e-07
147 1e-07
148 1e-07
149 9e-08
150 9e-08
151 1.01e-07
152 1e-07
153 1.01e-07
154 1.01e-07
155 9e-08
156 9e-08
157 1.01e-07
158 1e-07
159 1e-07
160 9.1e-08
161 1.01e-07
162 9e-08
163 1e-07
164 9e-08
165 9e-08
166 9e-08
167 9.1e-08
168 1e-07
169 1e-07
170 1.01e-07
171 9.1e-08
172 1e-07
173 9e-08
174 1e-07
175 1.9e-07
176 9e-08
177 9e-08
178 9.1e-08
179 1.01e-07
180 9e-08
181 9e-08
182 9e-08
183 1e-07
184 9e-08
185 9e-08
186 9e-08
187 9e-08
188 9e-08
189 9e-08
190 9e-08
191 9e-08
192 9e-08
193 9e-08
194 9.1e-08
195 1e-07
196 9e-08
197 9e-08
198 9.1e-08
199 9e-08
200 1e-07
201 1e-07
202 9e-08
203 9e-08
204 9e-08
205 1e-07
206 1.01e-07
207 1e-07
208 9e-08
209 9e-08
210 9.1e-08
211 9e-08
212 9e-08
213 1e-07
214 1e-07
215 9e-08
216 9.1e-08
217 1e-07
218 9e-08
219 7e-08
220 8e-08
221 8e-08
222 9e-08
223 9e-08
224 9e-08
225 9e-08
226 1e-07
227 9e-08
228 9e-08
229 9e-08
230 1.9e-07
231 9e-08
232 1e-07
233 1.01e-07
234 1e-07
235 9e-08
236 9e-08
237 1e-07
238 9e-08
239 9e-08
240 1.01e-07
241 9e-08
242 9e-08
243 9e-08
244 1e-07
245 9e-08
246 9e-08
247 9e-08
248 1e-07
249 1e-07
250 9e-08
251 1.01e-07
252 9e-08
253 1.01e-07
254 9e-08
255 9e-08
256 9e-08
257 9e-08
258 9e-08
259 1e-07
260 9e-08
261 1.6e-07
262 1e-07
263 1.1e-07
264 1.91e-07
265 9e-08
266 1e-07
267 1e-07
268 3.1e-08
269 9e-08
270 1e-07
271 1e-07
272 9e-08
273 9e-08
274 1e-07
275 1e-07
276 1e-07
277 9e-08
278 9e-08
279 1e-07
280 2.1e-07
281 9e-08
282 9e-08
283 1.01e-07
284 9e-08
285 1e-07
286 1e-07
287 9.1e-08
288 9.1e-08
289 9e-08
290 1.01e-07
291 1.01e-07
292 1.01e-07
293 1e-07
294 9e-08
295 9e-08
296 1e-07
297 9e-08
298 1e-07
299 9e-08
300 1e-07
301 9e-08
302 9e-08
303 9e-08
304 1e-07
305 1e-07
306 1e-07
307 1e-07
308 9e-08
309 1e-07
310 1e-07
311 1e-07
312 1.7e-07
313 1e-07
314 9e-08
315 1e-07
316 1e-07
317 1e-07
318 1.01e-07
319 9e-08
320 1e-07
321 9.1e-08
322 1e-07
323 1e-07
324 9.1e-08
325 9e-08
326 9e-08
327 9e-08
328 1e-07
329 9.1e-08
330 9e-08
331 1.1e-07
332 1e-07
333 1e-07
334 1.01e-07
335 1e-07
336 1e-07
337 9e-08
338 1.6e-07
339 9e-08
340 1e-07
341 1e-07
342 1.01e-07
343 1e-07
344 9e-08
345 1e-07
346 9e-08
347 1e-07
348 9e-08
349 1e-07
350 9e-08
351 9e-08
352 1e-07
353 1e-07
354 1e-07
355 1e-07
356 9e-08
357 1e-07
358 1e-07
359 1e-07
360 1e-07
361 1e-07
362 9.1e-08
363 9e-08
364 9e-08
365 1e-07
366 9.1e-08
367 1e-07
368 9e-08
369 1e-07
370 1.01e-07
371 1e-07
372 1e-07
373 1e-07
374 1e-07
375 1e-07
376 1e-07
377 1e-07
378 1e-07
379 1e-07
380 9e-08
381 1e-07
382 1e-07
383 1e-07
384 1e-07
385 9e-08
386 1e-07
387 9e-08
388 9e-08
389 9e-08
390 1e-07
391 1e-07
392 1.01e-07
393 9e-08
394 1e-07
395 1.01e-07
396 1e-07
397 1e-07
398 1e-07
399 9e-08
400 9e-08
401 9e-08
402 1e-07
403 9e-08
404 1e-07
405 1e-07
406 9e-08
407 9e-08
408 1e-07
409 1e-07
410 1e-07
411 1e-07
412 1e-07
413 1e-07
414 1e-07
415 9e-08
416 1e-07
417 1e-07
418 9e-08
419 1e-07
420 1e-07
421 9e-08
422 9e-08
423 9e-08
424 1e-07
425 1e-07
426 9e-08
427 9e-08
428 9e-08
429 1e-07
430 1.01e-07
431 9.1e-08
432 1e-07
433 9e-08
434 9e-08
435 9e-08
436 9e-08
437 1e-07
438 1.01e-07
439 9.1e-08
440 9e-08
441 1e-07
442 9e-08
443 1e-07
444 9e-08
445 9e-08
446 9e-08
447 9e-08
448 1e-07
449 1e-07
450 9e-08
451 1e-07
452 9e-08
453 9.1e-08
454 9e-08
455 1.9e-07
456 1e-07
457 1e-07
458 9e-08
459 1.01e-07
460 1e-07
461 9.1e-08
462 9e-08
463 9e-08
464 9e-08
465 9e-08
466 1.01e-07
467 1e-07
468 1e-07
469 1e-07
470 1e-07
471 9e-08
472 1e-07
473 9e-08
474 1.01e-07
475 1e-07
476 9e-08
477 1e-07
478 9e-08
479 1e-07
480 9e-08
481 1.01e-07
482 1e-07
483 9e-08
484 1e-07
485 1e-07
486 9e-08
487 9e-08
488 9e-08
489 9e-08
490 9e-08
491 2.01e-07
492 1e-07
493 1e-07
494 1e-07
495 9e-08
496 9.1e-08
497 1.01e-07
498 1e-07
499 1e-07
