10 9.31e-07
11 1.042e-06
12 3.988e-06
13 7.92e-07
14 8.02e-07
15 7.91e-07
16 7.82e-07
17 7.81e-07
18 7.82e-07
19 7.81e-07
20 7.81e-07
21 8.12e-07
22 7.81e-07
23 7.71e-07
24 7.71e-07
25 7.61e-07
26 7.52e-07
27 8.12e-07
28 7.71e-07
29 1.042e-06
30 9.92e-07
31 1.032e-06
32 9.92e-07
33 9.91e-07
34 1.984e-06
35 1.773e-06
36 1.823e-06
37 1.252e-06
38 7.82e-07
39 9.92e-07
40 1.042e-06
41 1.042e-06
42 1.012e-06
43 1.132e-06
44 1.002e-06
45 1.012e-06
46 1.022e-06
47 1.012e-06
48 1.172e-06
49 9.92e-07
50 9.92e-07
51 1.102e-06
52 1.633e-06
53 9.92e-07
54 1.212e-06
55 9.82e-07
56 1.002e-06
57 9.82e-07
58 1.122e-06
59 1.012e-06
60 1.143e-06
61 1.082e-06
62 1.102e-06
63 9.92e-07
64 9.92e-07
65 1.002e-06
66 1.042e-06
67 9.72e-07
68 1.002e-06
69 9.92e-07
70 9.82e-07
71 1.162e-06
72 1.002e-06
73 1.012e-06
74 1.002e-06
75 1.032e-06
76 8.777e-06
77 1.082e-06
78 1.142e-06
79 1.012e-06
80 1.032e-06
81 1.012e-06
82 1.012e-06
83 1.022e-06
84 9.82e-07
85 1.002e-06
86 1.012e-06
87 9.82e-07
88 1.001e-06
89 1.012e-06
90 1.022e-06
91 1.072e-06
92 1.012e-06
93 1.012e-06
94 1.032e-06
95 9.72e-07
96 1.021e-06
97 1.002e-06
98 9.82e-07
99 1.002e-06
100 9.82e-07
101 9.92e-07
102 1.012e-06
103 9.91e-07
104 1.012e-06
105 1.012e-06
106 7.82e-07
107 1.062e-06
108 1.012e-06
109 1.042e-06
110 1.012e-06
111 1.032e-06
112 1.012e-06
113 1.012e-06
114 1.001e-06
115 9.82e-07
116 9.62e-07
117 9.92e-07
118 9.82e-07
119 9.72e-07
120 1.012e-06
121 1.593e-06
122 1.042e-06
123 7.72e-07
124 9.92e-07
125 1.083e-06
126 1.022e-06
127 1.002e-06
128 1.012e-06
129 1.002e-06
130 1.012e-06
131 1.011e-06
132 1.002e-06
133 1.002e-06
134 1.032e-06
135 1.032e-06
136 1.032e-06
137 1.042e-06
138 1.032e-06
139 1.022e-06
140 1.7854e-05
141 1.012e-06
142 1.012e-06
143 1.022e-06
144 1.012e-06
145 1.022e-06
146 9.72e-07
147 1.032e-06
148 1.021e-06
149 1.042e-06
150 9.92e-07
151 1.011e-06
152 1.012e-06
153 1.022e-06
154 1.002e-06
155 1.002e-06
156 1.012e-06
157 7.72e-07
158 1.002e-06
159 1.001e-06
160 1.001e-06
161 1.012e-06
162 1.032e-06
163 9.92e-07
164 1.001e-06
165 1.022e-06
166 1.022e-06
167 1.012e-06
168 1.011e-06
169 1.002e-06
170 1.031e-06
171 1.062e-06
172 1.022e-06
173 1.012e-06
174 1.022e-06
175 1.002e-06
176 1.032e-06
177 1.012e-06
178 1.002e-06
179 1.012e-06
180 1.012e-06
181 1.683e-06
182 1.022e-06
183 1.002e-06
184 1.653e-06
185 1.012e-06
186 1.002e-06
187 1.032e-06
188 1.022e-06
189 1.032e-06
190 1.453e-06
191 1.102e-06
192 1.012e-06
193 1.002e-06
194 1.132e-06
195 1.603e-06
196 5.4504e-05
197 1.072e-06
198 8.01e-07
199 8.12e-07
200 1.022e-06
201 1.022e-06
202 1.002e-06
203 1.873e-06
204 1.7624e-05
205 1.032e-06
206 7.91e-07
207 7.91e-07
208 7.71e-07
209 1.002e-06
210 1.032e-06
211 9.91e-07
212 7.72e-07
213 1.011e-06
214 1.002e-06
215 1.062e-06
216 9.92e-07
217 7.61e-07
218 1.002e-06
219 1.001e-06
220 1.052e-06
221 9.82e-07
222 9.82e-07
223 1.002e-06
224 1.012e-06
225 1.002e-06
226 1.011e-06
227 7.81e-07
228 8.02e-07
229 7.81e-07
230 7.91e-07
231 8.12e-07
232 7.92e-07
233 7.91e-07
234 9.82e-07
235 7.82e-07
236 7.81e-07
237 7.81e-07
238 7.92e-07
239 7.61e-07
240 7.62e-07
241 7.72e-07
242 7.61e-07
243 9.82e-07
244 7.72e-07
245 7.71e-07
246 1.012e-06
247 7.52e-07
248 7.61e-07
249 7.91e-07
250 7.72e-07
251 7.91e-07
252 7.92e-07
253 7.61e-07
254 7.72e-07
255 7.62e-07
256 7.71e-07
257 7.92e-07
258 7.82e-07
259 7.92e-07
260 7.82e-07
261 1.012e-06
262 1.012e-06
263 1.313e-06
264 1.032e-06
265 8.11e-07
266 1.021e-06
267 1.122e-06
268 1.065e-05
269 1.513e-06
270 1.894e-06
271 1.032e-06
272 1.793e-06
273 1.412e-06
274 1.713e-06
275 2.074e-06
276 1.012e-06
277 7.92e-07
278 7.61e-07
279 7.61e-07
280 9.92e-07
281 1.002e-06
282 7.72e-07
283 7.71e-07
284 1.032e-06
285 7.81e-07
286 7.61e-07
287 7.62e-07
288 1.022e-06
289 7.72e-07
290 7.81e-07
291 7.81e-07
292 8.31e-07
293 1.323e-06
294 1.032e-06
295 7.81e-07
296 1.032e-06
297 1.042e-06
298 1.022e-06
299 1.112e-06
300 1.032e-06
301 1.433e-06
302 1.012e-06
303 1.853e-06
304 1.352e-06
305 1.092e-06
306 1.192e-06
307 1.613e-06
308 1.012e-06
309 1.062e-06
310 1.002e-06
311 1.032e-06
312 2.625e-06
313 3.567e-06
314 1.182e-06
315 1.002e-06
316 1.001e-06
317 1.012e-06
318 9.82e-07
319 1.012e-06
320 1.012e-06
321 1.012e-06
322 1.011e-06
323 1.042e-06
324 1.062e-06
325 1.012e-06
326 1.022e-06
327 1.012e-06
328 1.012e-06
329 1.032e-06
330 1.021e-06
331 1.011e-06
332 9.488e-06
333 1.001e-06
334 1.002e-06
335 9.92e-07
336 1.012e-06
337 1.022e-06
338 9.92e-07
339 1.523e-06
340 1.313e-06
341 1.944e-06
342 1.873e-06
343 1.022e-06
344 1.323e-06
345 1.122e-06
346 1.393e-06
347 1.803e-06
348 1.112e-06
349 9.92e-07
350 1.002e-06
351 1.012e-06
352 1.012e-06
353 1.002e-06
354 1.032e-06
355 1.012e-06
356 1.002e-06
357 1.483e-06
358 1.102e-06
359 1.032e-06
360 1.022e-06
361 1.012e-06
362 1.002e-06
363 9.92e-07
364 9.82e-07
365 1.002e-06
366 9.91e-07
367 9.92e-07
368 1.011e-06
369 1.001e-06
370 1.032e-06
371 1.002e-06
372 1.002e-06
373 1.002e-06
374 1.012e-06
375 1.012e-06
376 1.012e-06
377 9.82e-07
378 9.92e-07
379 1.002e-06
380 1.072e-06
381 1.223e-06
382 1.133e-06
383 1.022e-06
384 1.012e-06
385 1.012e-06
386 1.032e-06
387 7.1717e-05
388 1.613e-06
389 1.873e-06
390 1.704e-06
391 1.583e-06
392 1.032e-06
393 1.152e-06
394 1.473e-06
395 1.352e-06
396 1.8104e-05
397 1.002e-06
398 1.012e-06
399 1.984e-06
400 1.002e-06
401 1.032e-06
402 1.022e-06
403 1.042e-06
404 1.923e-06
405 1.022e-06
406 1.032e-06
407 1.072e-06
408 1.042e-06
409 2.054e-06
410 1.022e-06
411 2.384e-06
412 1.031e-06
413 1.012e-06
414 1.032e-06
415 1.012e-06
416 1.042e-06
417 1.042e-06
418 1.022e-06
419 1.032e-06
420 1.041e-06
421 1.012e-06
422 1.042e-06
423 1.002e-06
424 1.001e-06
425 9.82e-07
426 1.002e-06
427 1.022e-06
428 9.82e-07
429 1.002e-06
430 1.022e-06
431 1.002e-06
432 1.032e-06
433 1.022e-06
434 1.022e-06
435 1.042e-06
436 9.82e-07
437 1.022e-06
438 1.563e-06
439 1.022e-06
440 1.012e-06
441 1.022e-06
442 1.022e-06
443 1.042e-06
444 1.002e-06
445 1.022e-06
446 1.012e-06
447 1.052e-06
448 1.042e-06
449 1.022e-06
450 1.022e-06
451 1.022e-06
452 1.022e-06
453 1.012e-06
454 1.012e-06
455 1.032e-06
456 1.022e-06
457 1.032e-06
458 1.002e-06
459 1.002e-06
460 1.7223e-05
461 1.022e-06
462 1.042e-06
463 1.032e-06
464 9.92e-07
465 1.021e-06
466 1.022e-06
467 1.723e-06
468 1.042e-06
469 9.92e-07
470 9.92e-07
471 1.002e-06
472 1.022e-06
473 1.002e-06
474 1.012e-06
475 1.042e-06
476 1.042e-06
477 1.012e-06
478 1.052e-06
479 1.042e-06
480 1.012e-06
481 1.072e-06
482 1.022e-06
483 1.012e-06
484 1.052e-06
485 1.022e-06
486 1.001e-06
487 9.92e-07
488 1.001e-06
489 1.022e-06
490 1.082e-06
491 9.92e-07
492 1.032e-06
493 1.002e-06
494 1.052e-06
495 9.81e-07
496 1.743e-06
497 1.062e-06
498 1.002e-06
499 1.022e-06
500 1.012e-06
501 1.002e-06
502 1.012e-06
503 1.021e-06
504 9.92e-07
505 1.072e-06
506 1.012e-06
507 1.032e-06
508 1.012e-06
509 1.062e-06
510 1.012e-06
511 1.062e-06
512 1.022e-06
513 1.022e-06
514 1.754e-06
515 1.392e-06
516 1.022e-06
517 1.022e-06
518 9.82e-07
519 9.92e-07
520 1.022e-06
521 9.92e-07
522 1.002e-06
523 1.042e-06
524 1.5139e-05
525 1.072e-06
526 9.92e-07
527 9.72e-07
528 1.994e-06
529 1.744e-06
530 1.032e-06
531 9.91e-07
532 1.002e-06
533 1.012e-06
534 1.012e-06
535 9.82e-07
536 1.022e-06
537 1.052e-06
538 1.302e-06
539 1.202e-06
540 1.052e-06
541 1.052e-06
542 1.022e-06
543 1.052e-06
544 1.032e-06
545 1.002e-06
546 1.042e-06
547 1.012e-06
548 1.022e-06
549 9.92e-07
550 9.92e-07
551 1.002e-06
552 1.042e-06
553 1.002e-06
554 1.012e-06
555 9.92e-07
556 1.042e-06
557 1.002e-06
558 9.92e-07
559 1.012e-06
560 1.903e-06
561 1.944e-06
562 1.032e-06
563 1.633e-06
564 1.042e-06
565 9.92e-07
566 1.022e-06
567 2.004e-06
568 1.192e-06
569 1.052e-06
570 1.022e-06
571 2.134e-06
572 1.052e-06
573 1.012e-06
574 1.012e-06
575 7.91e-07
576 1.012e-06
577 1.062e-06
578 1.012e-06
579 1.052e-06
580 9.82e-07
581 1.002e-06
582 1.022e-06
583 1.022e-06
584 1.012e-06
585 1.012e-06
586 1.002e-06
587 1.032e-06
588 1.5971e-05
589 1.022e-06
590 1.052e-06
591 1.012e-06
592 1.002e-06
593 9.92e-07
594 9.82e-07
595 1.012e-06
596 1.002e-06
597 9.91e-07
598 1.002e-06
599 1.012e-06
600 1.022e-06
601 1.022e-06
602 1.002e-06
603 1.012e-06
604 1.202e-06
605 1.042e-06
606 1.002e-06
607 1.022e-06
608 1.072e-06
609 1.894e-06
610 2.014e-06
611 1.032e-06
612 9.92e-07
613 9.92e-07
614 1.002e-06
615 9.92e-07
616 1.042e-06
617 1.032e-06
618 1.022e-06
619 9.92e-07
620 1.002e-06
621 1.042e-06
622 1.012e-06
623 1.032e-06
624 1.032e-06
625 9.92e-07
626 9.91e-07
627 9.92e-07
628 9.92e-07
629 1.052e-06
630 1.022e-06
631 1.042e-06
632 1.042e-06
633 1.032e-06
634 1.052e-06
635 1.022e-06
636 1.032e-06
637 1.042e-06
638 1.022e-06
639 1.022e-06
640 1.012e-06
641 1.022e-06
642 1.002e-06
643 9.82e-07
644 1.022e-06
645 9.92e-07
646 1.022e-06
647 1.052e-06
648 1.002e-06
649 1.032e-06
650 9.92e-07
651 1.002e-06
652 2.9216e-05
653 1.022e-06
654 1.032e-06
655 9.92e-07
656 9.82e-07
657 9.91e-07
658 9.82e-07
659 9.92e-07
660 1.032e-06
661 1.032e-06
662 1.052e-06
663 1.012e-06
664 1.042e-06
665 1.032e-06
666 1.052e-06
667 1.012e-06
668 1.022e-06
669 1.031e-06
670 1.032e-06
671 1.012e-06
672 1.012e-06
673 1.052e-06
674 9.92e-07
675 9.82e-07
676 9.82e-07
677 1.032e-06
678 1.022e-06
679 1.052e-06
680 1.012e-06
681 1.002e-06
682 9.91e-07
683 1.012e-06
684 1.012e-06
685 1.022e-06
686 1.032e-06
687 1.012e-06
688 1.012e-06
689 9.92e-07
690 9.82e-07
691 1.031e-06
692 1.001e-06
693 1.022e-06
694 1.012e-06
695 9.92e-07
696 1.032e-06
697 1.012e-06
698 1.022e-06
699 1.001e-06
700 1.022e-06
701 1.022e-06
702 1.022e-06
703 1.022e-06
704 9.92e-07
705 1.012e-06
706 1.022e-06
707 1.002e-06
708 1.002e-06
709 9.92e-07
710 1.002e-06
711 1.052e-06
712 9.92e-07
713 1.001e-06
714 1.042e-06
715 1.042e-06
716 1.4999e-05
717 1.012e-06
718 1.012e-06
719 1.002e-06
720 9.92e-07
721 1.002e-06
722 1.042e-06
723 1.152e-06
724 1.022e-06
725 1.022e-06
726 1.012e-06
727 1.032e-06
728 1.042e-06
729 1.032e-06
730 1.032e-06
731 1.042e-06
732 1.012e-06
733 1.042e-06
734 1.042e-06
735 1.002e-06
736 9.92e-07
737 1.022e-06
738 9.92e-07
739 9.92e-07
740 1.052e-06
741 1.002e-06
742 1.032e-06
743 1.002e-06
744 1.002e-06
745 1.022e-06
746 9.92e-07
747 1.022e-06
748 9.92e-07
749 1.022e-06
750 1.012e-06
751 1.001e-06
752 1.032e-06
753 1.012e-06
754 1.012e-06
755 1.032e-06
756 1.022e-06
757 1.012e-06
758 1.062e-06
759 1.032e-06
760 1.062e-06
761 1.283e-06
762 1.002e-06
763 1.012e-06
764 1.072e-06
765 1.052e-06
766 1.002e-06
767 9.82e-07
768 1.002e-06
769 1.012e-06
770 9.92e-07
771 1.022e-06
772 1.052e-06
773 1.032e-06
774 9.92e-07
775 1.002e-06
776 1.022e-06
777 1.042e-06
778 1.022e-06
779 1.002e-06
780 1.4157e-05
781 1.012e-06
782 9.82e-07
783 1.022e-06
784 1.032e-06
785 1.042e-06
786 1.022e-06
787 1.012e-06
788 1.032e-06
789 1.032e-06
790 1.032e-06
791 1.022e-06
792 1.052e-06
793 1.002e-06
794 1.032e-06
795 1.022e-06
796 1.012e-06
797 9.81e-07
798 1.002e-06
799 1.012e-06
800 1.022e-06
801 9.92e-07
802 1.042e-06
803 1.012e-06
804 1.032e-06
805 1.172e-06
806 1.032e-06
807 1.092e-06
808 1.042e-06
809 1.052e-06
810 1.042e-06
811 1.022e-06
812 1.012e-06
813 1.002e-06
814 1.202e-06
815 1.022e-06
816 1.042e-06
817 1.052e-06
818 1.012e-06
819 1.022e-06
820 1.042e-06
821 1.042e-06
822 1.032e-06
823 1.022e-06
824 1.052e-06
825 1.042e-06
826 1.032e-06
827 1.022e-06
828 1.002e-06
829 1.012e-06
830 9.91e-07
831 1.012e-06
832 9.92e-07
833 1.042e-06
834 1.032e-06
835 1.021e-06
836 9.92e-07
837 1.002e-06
838 1.022e-06
839 1.001e-06
840 1.042e-06
841 1.012e-06
842 1.002e-06
843 1.012e-06
844 8.947e-06
845 9.92e-07
846 1.012e-06
847 1.012e-06
848 1.052e-06
849 1.022e-06
850 1.022e-06
851 1.022e-06
852 1.022e-06
853 1.012e-06
854 1.052e-06
855 1.012e-06
856 1.022e-06
857 1.021e-06
858 1.072e-06
859 1.001e-06
860 9.92e-07
861 1.012e-06
862 9.92e-07
863 1.022e-06
864 1.032e-06
865 1.022e-06
866 1.072e-06
867 1.002e-06
868 9.91e-07
869 1.072e-06
870 1.032e-06
871 1.022e-06
872 9.92e-07
873 1.002e-06
874 1.011e-06
875 9.92e-07
876 1.012e-06
877 1.012e-06
878 1.052e-06
879 1.022e-06
880 1.022e-06
881 1.022e-06
882 1.042e-06
883 1.012e-06
884 1.022e-06
885 1.042e-06
886 1.022e-06
887 1.012e-06
888 1.022e-06
889 1.012e-06
890 1.002e-06
891 1.042e-06
892 1.012e-06
893 1.2895e-05
894 1.002e-06
895 1.022e-06
896 1.032e-06
897 1.011e-06
898 1.052e-06
899 1.012e-06
900 1.052e-06
901 1.012e-06
902 1.052e-06
903 1.002e-06
904 9.92e-07
905 1.032e-06
906 9.92e-07
907 1.012e-06
908 7.284e-06
909 1.022e-06
910 1.032e-06
911 1.022e-06
912 1.012e-06
913 1.022e-06
914 1.022e-06
915 1.022e-06
916 1.052e-06
917 1.042e-06
918 1.012e-06
919 1.052e-06
920 1.022e-06
921 9.92e-07
922 1.012e-06
923 9.91e-07
924 1.012e-06
925 9.92e-07
926 1.062e-06
927 1.062e-06
928 1.062e-06
929 1.002e-06
930 1.022e-06
931 1.022e-06
932 1.011e-06
933 1.042e-06
934 1.011e-06
935 1.012e-06
936 1.012e-06
937 1.002e-06
938 9.92e-07
939 1.022e-06
940 1.012e-06
941 1.022e-06
942 1.042e-06
943 1.022e-06
944 1.032e-06
945 1.052e-06
946 1.032e-06
947 1.022e-06
948 1.062e-06
949 1.022e-06
950 1.012e-06
951 1.052e-06
952 1.012e-06
953 9.92e-07
954 1.002e-06
955 1.012e-06
956 1.011e-06
957 1.032e-06
958 1.142e-06
959 1.032e-06
960 9.91e-07
961 1.042e-06
962 1.032e-06
963 1.022e-06
964 1.022e-06
965 1.012e-06
966 1.192e-06
967 1.022e-06
968 1.002e-06
969 1.012e-06
970 1.022e-06
971 1.062e-06
972 1.4328e-05
973 1.022e-06
974 1.041e-06
975 1.032e-06
976 1.032e-06
977 1.042e-06
978 1.032e-06
979 1.022e-06
980 1.052e-06
981 1.032e-06
982 1.012e-06
983 1.002e-06
984 9.92e-07
985 1.001e-06
986 9.92e-07
987 1.012e-06
988 1.032e-06
989 1.012e-06
990 1.022e-06
991 9.92e-07
992 1.002e-06
993 1.052e-06
994 1.072e-06
995 1.032e-06
996 9.91e-07
997 1.002e-06
998 1.012e-06
999 1.012e-06
