10 2.144e-06
11 9.92e-07
12 1.032e-06
13 1.042e-06
14 1.032e-06
15 1.062e-06
16 1.082e-06
17 1.322e-06
18 1.152e-06
19 1.142e-06
20 1.172e-06
21 1.182e-06
22 1.452e-06
23 1.282e-06
24 1.263e-06
25 1.302e-06
26 1.333e-06
27 1.533e-06
28 1.363e-06
29 1.362e-06
30 1.402e-06
31 1.633e-06
32 1.423e-06
33 1.473e-06
34 1.513e-06
35 1.734e-06
36 1.533e-06
37 1.563e-06
38 1.793e-06
39 1.613e-06
40 1.603e-06
41 1.854e-06
42 1.643e-06
43 1.683e-06
44 1.713e-06
45 1.924e-06
46 1.743e-06
47 1.763e-06
48 2.004e-06
49 1.833e-06
50 1.834e-06
51 2.094e-06
52 1.884e-06
53 1.914e-06
54 1.933e-06
55 1.954e-06
56 2.194e-06
57 1.994e-06
58 2.024e-06
59 2.255e-06
60 2.044e-06
61 2.084e-06
62 2.315e-06
63 2.114e-06
64 2.394e-06
65 2.164e-06
66 2.405e-06
67 2.234e-06
68 2.454e-06
69 2.274e-06
70 2.504e-06
71 2.284e-06
72 2.525e-06
73 2.335e-06
74 2.585e-06
75 2.414e-06
76 2.615e-06
77 2.425e-06
78 2.686e-06
79 2.525e-06
80 2.715e-06
81 2.515e-06
82 2.745e-06
83 2.565e-06
84 2.826e-06
85 2.625e-06
86 2.845e-06
87 2.675e-06
88 2.895e-06
89 2.695e-06
90 2.946e-06
91 2.746e-06
92 3.005e-06
93 2.805e-06
94 3.016e-06
95 2.845e-06
96 3.116e-06
97 2.886e-06
98 3.126e-06
99 2.916e-06
100 3.166e-06
101 2.986e-06
102 3.186e-06
103 3.096e-06
104 3.236e-06
105 3.076e-06
106 3.296e-06
107 3.316e-06
108 3.326e-06
109 3.387e-06
110 3.396e-06
111 3.197e-06
112 3.186e-06
113 3.467e-06
114 3.727e-06
115 3.526e-06
116 3.306e-06
117 3.557e-06
118 3.376e-06
119 3.607e-06
120 3.447e-06
121 3.637e-06
122 3.407e-06
123 3.457e-06
124 3.467e-06
125 3.697e-06
126 3.537e-06
127 3.758e-06
128 3.577e-06
129 3.797e-06
130 3.617e-06
131 3.857e-06
132 3.878e-06
133 3.667e-06
134 3.928e-06
135 3.697e-06
136 3.957e-06
137 3.878e-06
138 4.007e-06
139 3.908e-06
140 4.028e-06
141 3.868e-06
142 4.097e-06
143 3.938e-06
144 4.118e-06
145 3.928e-06
146 4.178e-06
147 4.068e-06
148 4.218e-06
149 4.408e-06
150 4.288e-06
151 4.168e-06
152 4.348e-06
153 4.098e-06
154 4.358e-06
155 4.178e-06
156 4.419e-06
157 4.218e-06
158 4.438e-06
159 4.258e-06
160 4.529e-06
161 5.149e-06
162 4.578e-06
163 4.569e-06
164 4.589e-06
165 4.398e-06
166 4.609e-06
167 4.649e-06
168 4.689e-06
169 4.669e-06
170 4.729e-06
171 4.729e-06
172 4.779e-06
173 4.789e-06
174 4.789e-06
175 4.87e-06
176 4.83e-06
177 4.899e-06
178 4.91e-06
179 4.929e-06
180 4.94e-06
181 4.959e-06
182 4.979e-06
183 5.05e-06
184 5.02e-06
185 5.05e-06
186 5.099e-06
187 5.12e-06
188 5.15e-06
189 5.23e-06
190 5.18e-06
191 5.34e-06
192 5.21e-06
193 5.25e-06
194 5.25e-06
195 5.28e-06
196 5.3e-06
197 5.581e-06
198 5.351e-06
199 5.47e-06
200 5.38e-06
201 5.431e-06
202 5.42e-06
203 5.69e-06
204 5.48e-06
205 5.711e-06
206 5.53e-06
207 5.741e-06
208 5.58e-06
209 5.591e-06
210 5.801e-06
211 5.621e-06
212 5.951e-06
213 5.69e-06
214 5.711e-06
215 5.841e-06
216 5.731e-06
217 5.771e-06
218 5.941e-06
219 5.841e-06
220 5.821e-06
221 5.961e-06
222 6.262e-06
223 5.901e-06
224 5.981e-06
225 5.931e-06
226 5.961e-06
227 5.981e-06
228 5.982e-06
229 6.041e-06
230 6.062e-06
231 6.061e-06
232 6.042e-06
233 6.151e-06
234 6.152e-06
235 5.951e-06
236 6.152e-06
237 6.252e-06
238 6.212e-06
239 6.262e-06
240 6.282e-06
241 6.302e-06
242 6.312e-06
243 6.342e-06
244 6.392e-06
245 6.383e-06
246 6.382e-06
247 6.453e-06
248 6.452e-06
249 6.462e-06
250 6.483e-06
251 6.492e-06
252 1.9246e-05
253 6.602e-06
254 6.582e-06
255 6.603e-06
256 6.623e-06
257 6.643e-06
258 6.663e-06
259 6.672e-06
260 6.743e-06
261 6.733e-06
262 6.732e-06
263 6.753e-06
264 6.803e-06
265 6.843e-06
266 6.853e-06
267 6.853e-06
268 6.893e-06
269 6.883e-06
270 6.923e-06
271 6.953e-06
272 6.984e-06
273 7.014e-06
274 7.023e-06
275 7.053e-06
276 7.094e-06
277 7.073e-06
278 7.163e-06
279 7.154e-06
280 7.133e-06
281 7.164e-06
282 7.194e-06
283 7.244e-06
284 7.264e-06
285 7.264e-06
286 7.294e-06
287 7.303e-06
288 7.344e-06
289 7.414e-06
290 7.334e-06
291 7.404e-06
292 7.424e-06
293 7.404e-06
294 7.424e-06
295 7.495e-06
296 7.494e-06
297 7.524e-06
298 7.555e-06
299 7.555e-06
300 7.594e-06
301 7.614e-06
302 7.685e-06
303 7.664e-06
304 7.684e-06
305 7.715e-06
306 7.735e-06
307 7.734e-06
308 7.765e-06
309 7.795e-06
310 7.805e-06
311 7.825e-06
312 7.876e-06
313 7.885e-06
314 7.916e-06
315 7.945e-06
316 7.946e-06
317 7.985e-06
318 8.016e-06
319 8.006e-06
320 8.055e-06
321 8.046e-06
322 8.095e-06
323 8.336e-06
324 8.125e-06
325 8.266e-06
326 8.146e-06
327 8.206e-06
328 8.216e-06
329 8.216e-06
330 8.265e-06
331 8.276e-06
332 8.295e-06
333 8.346e-06
334 8.336e-06
335 8.386e-06
336 8.396e-06
337 8.386e-06
338 8.436e-06
339 8.446e-06
340 8.486e-06
341 8.506e-06
342 8.507e-06
343 8.597e-06
344 8.546e-06
345 8.616e-06
346 8.597e-06
347 8.676e-06
348 8.887e-06
349 9.468e-06
350 8.666e-06
351 8.786e-06
352 8.827e-06
353 8.837e-06
354 8.987e-06
355 9.037e-06
356 8.877e-06
357 8.927e-06
358 8.877e-06
359 8.897e-06
360 8.997e-06
361 9.598e-06
362 9.198e-06
363 9.237e-06
364 9.108e-06
365 9.047e-06
366 9.057e-06
367 9.107e-06
368 9.107e-06
369 9.148e-06
370 9.138e-06
371 9.848e-06
372 9.548e-06
373 9.178e-06
374 7.9962e-05
375 3.3884e-05
376 1.033e-05
377 9.869e-06
378 9.578e-06
379 9.929e-06
380 1.042e-05
381 9.478e-06
382 9.388e-06
383 9.398e-06
384 9.448e-06
385 9.468e-06
386 9.728e-06
387 9.588e-06
388 9.689e-06
389 9.589e-06
390 1.057e-05
391 9.588e-06
392 9.618e-06
393 9.618e-06
394 9.708e-06
395 9.709e-06
396 9.839e-06
397 9.729e-06
398 9.758e-06
399 9.779e-06
400 9.788e-06
401 9.808e-06
402 9.939e-06
403 9.889e-06
404 9.979e-06
405 9.919e-06
406 9.939e-06
407 9.96e-06
408 9.989e-06
409 9.999e-06
410 1.0019e-05
411 1.006e-05
412 1.0069e-05
413 1.0089e-05
414 1.0079e-05
415 1.011e-05
416 1.0149e-05
417 1.0861e-05
418 1.034e-05
419 1.02e-05
420 1.037e-05
421 1.0279e-05
422 1.029e-05
423 1.0289e-05
424 1.031e-05
425 1.037e-05
426 1.039e-05
427 1.0419e-05
428 1.041e-05
429 1.068e-05
430 1.045e-05
431 1.049e-05
432 1.048e-05
433 1.1602e-05
434 1.054e-05
435 1.055e-05
436 1.06e-05
437 1.06e-05
438 1.063e-05
439 1.067e-05
440 1.072e-05
441 1.069e-05
442 1.0721e-05
443 1.076e-05
444 1.079e-05
445 1.082e-05
446 1.0821e-05
447 1.0821e-05
448 1.0841e-05
449 1.0841e-05
450 1.0891e-05
451 1.092e-05
452 1.1131e-05
453 1.0951e-05
454 1.0991e-05
455 1.0981e-05
456 1.1031e-05
457 1.1061e-05
458 1.1081e-05
459 1.1111e-05
460 1.1131e-05
461 1.1142e-05
462 1.1172e-05
463 1.1181e-05
464 1.1211e-05
465 1.1232e-05
466 1.1242e-05
467 1.1301e-05
468 1.1312e-05
469 1.1312e-05
470 1.1341e-05
471 1.1392e-05
472 1.1392e-05
473 1.1402e-05
474 1.1412e-05
475 1.1462e-05
476 1.1472e-05
477 1.1673e-05
478 1.1532e-05
479 1.1532e-05
480 1.1552e-05
481 1.1572e-05
482 1.1622e-05
483 1.1643e-05
484 1.1663e-05
485 1.1672e-05
486 1.1673e-05
487 1.1733e-05
488 1.1763e-05
489 1.1743e-05
490 1.1802e-05
491 1.1813e-05
492 1.1842e-05
493 1.2124e-05
494 1.1852e-05
495 1.1913e-05
496 1.1933e-05
497 1.1903e-05
498 1.1983e-05
499 1.1983e-05
500 1.2013e-05
501 1.2123e-05
502 1.2073e-05
503 1.2083e-05
504 1.2123e-05
505 1.2143e-05
506 1.2113e-05
507 1.2154e-05
508 1.2163e-05
509 1.2223e-05
510 1.2194e-05
511 1.2264e-05
512 1.2403e-05
513 1.2294e-05
514 1.2584e-05
515 1.2324e-05
516 1.2374e-05
517 1.2374e-05
518 1.2834e-05
519 1.2594e-05
520 1.2454e-05
521 1.2464e-05
522 1.2484e-05
523 1.2524e-05
524 1.2544e-05
525 1.2534e-05
526 1.2574e-05
527 1.2604e-05
528 1.2594e-05
529 1.2665e-05
530 1.2664e-05
531 1.2675e-05
532 1.2714e-05
533 1.2744e-05
534 1.2775e-05
535 1.2774e-05
536 1.2794e-05
537 1.2815e-05
538 1.2825e-05
539 1.5049e-05
540 1.4307e-05
541 3.3654e-05
542 1.3055e-05
543 1.3495e-05
544 1.3546e-05
545 1.3175e-05
546 1.3004e-05
547 1.3125e-05
548 1.4738e-05
549 1.3505e-05
550 1.3766e-05
551 1.3496e-05
552 1.3406e-05
553 1.3205e-05
554 1.3566e-05
555 1.3506e-05
556 1.3375e-05
557 1.3666e-05
558 1.3295e-05
559 1.3285e-05
560 1.3395e-05
561 1.3346e-05
562 1.3385e-05
563 1.3606e-05
564 1.3757e-05
565 1.3616e-05
566 1.3466e-05
567 1.3476e-05
568 1.3816e-05
569 1.3636e-05
570 1.3817e-05
571 1.3706e-05
572 1.3726e-05
573 2.8825e-05
574 1.3726e-05
575 1.3997e-05
576 4.6128e-05
577 0.000120721
578 1.3726e-05
579 1.4788e-05
580 1.4137e-05
581 1.4047e-05
582 1.4167e-05
583 1.3846e-05
584 1.3897e-05
585 1.4167e-05
586 3.8002e-05
587 1.4137e-05
588 1.4808e-05
589 1.4217e-05
590 1.4157e-05
591 1.4648e-05
592 1.4367e-05
593 1.4277e-05
594 1.582e-05
595 2.089e-05
596 1.5399e-05
597 1.4317e-05
598 1.4488e-05
599 1.4808e-05
600 1.4227e-05
601 1.4448e-05
602 1.4398e-05
603 1.4297e-05
604 1.4298e-05
605 1.4297e-05
606 1.4548e-05
607 1.4388e-05
608 1.4518e-05
609 1.4407e-05
610 1.4889e-05
611 2.5869e-05
612 1.5049e-05
613 1.4488e-05
614 1.8806e-05
615 2.1061e-05
616 1.6722e-05
617 2.5499e-05
618 1.4628e-05
619 3.3064e-05
620 1.619e-05
621 2.3756e-05
622 2.6571e-05
623 1.8715e-05
624 2.5319e-05
625 1.4838e-05
626 1.7383e-05
627 1.4948e-05
628 1.5339e-05
629 1.5329e-05
630 1.5129e-05
631 1.5139e-05
632 1.5089e-05
633 1.4959e-05
634 1.5088e-05
635 1.5119e-05
636 1.5099e-05
637 1.5179e-05
638 1.5229e-05
639 1.564e-05
640 1.5078e-05
641 1.5279e-05
642 1.5269e-05
643 1.5159e-05
644 1.5199e-05
645 1.5219e-05
646 2.6e-05
647 2.5128e-05
648 1.568e-05
649 3.5468e-05
650 2.7823e-05
651 2.0288e-05
652 1.7874e-05
653 2.5108e-05
654 2.092e-05
655 1.543e-05
656 1.5529e-05
657 1.5519e-05
658 1.5509e-05
659 1.568e-05
660 1.556e-05
661 1.554e-05
662 1.5559e-05
663 1.5609e-05
664 1.5629e-05
665 1.566e-05
666 1.565e-05
667 1.568e-05
668 1.571e-05
669 1.5741e-05
670 1.575e-05
671 1.5751e-05
672 1.5801e-05
673 3.0949e-05
674 1.7634e-05
675 2.3445e-05
676 0.000110014
677 6.316e-05
678 1.8215e-05
679 1.6171e-05
680 1.6582e-05
681 1.6091e-05
682 1.6191e-05
683 1.6201e-05
684 1.6231e-05
685 1.6251e-05
686 1.6291e-05
687 1.6441e-05
688 2.5399e-05
689 1.7023e-05
690 3.5137e-05
691 0.000101434
692 1.6391e-05
693 1.6542e-05
694 1.6441e-05
695 1.6641e-05
696 1.6331e-05
697 1.6331e-05
698 1.6942e-05
699 1.6592e-05
700 1.6562e-05
701 1.6782e-05
702 1.6621e-05
703 1.6622e-05
704 1.6822e-05
705 1.7173e-05
706 1.6572e-05
707 1.6822e-05
708 1.6752e-05
709 1.7123e-05
710 1.6651e-05
711 1.6632e-05
712 1.6963e-05
713 1.7283e-05
714 1.8375e-05
715 2.0379e-05
716 2.6992e-05
717 1.7584e-05
718 3.3524e-05
719 1.6853e-05
720 2.4217e-05
721 2.0529e-05
722 2.071e-05
723 1.8255e-05
724 1.7303e-05
725 1.6973e-05
726 1.7253e-05
727 1.7162e-05
728 1.7002e-05
729 1.7183e-05
730 1.7353e-05
731 1.7243e-05
732 1.7273e-05
733 1.7423e-05
734 1.7143e-05
735 1.7363e-05
736 1.7794e-05
737 1.7423e-05
738 1.9988e-05
739 2.5799e-05
740 1.7273e-05
741 1.7453e-05
742 1.7373e-05
743 1.7383e-05
744 1.7403e-05
745 1.7413e-05
746 1.7423e-05
747 1.7443e-05
748 1.7493e-05
749 1.7824e-05
750 1.7674e-05
751 1.7553e-05
752 1.7564e-05
753 1.7804e-05
754 1.7594e-05
755 1.7764e-05
756 1.7945e-05
757 1.7684e-05
758 1.7674e-05
759 1.7684e-05
760 1.7724e-05
761 1.7885e-05
762 1.9988e-05
763 1.8766e-05
764 1.7945e-05
765 1.8005e-05
766 1.8545e-05
767 1.7904e-05
768 1.7944e-05
769 1.7944e-05
770 1.7974e-05
771 1.7954e-05
772 1.8024e-05
773 1.8025e-05
774 1.8245e-05
775 1.8075e-05
776 1.8095e-05
777 1.8115e-05
778 1.8124e-05
779 1.8154e-05
780 1.8184e-05
781 1.8214e-05
782 5.7239e-05
783 3.69e-05
784 3.7742e-05
785 1.8606e-05
786 1.8605e-05
787 1.8606e-05
788 1.8375e-05
789 1.8345e-05
790 1.8385e-05
791 1.8416e-05
792 1.8475e-05
793 1.8485e-05
794 1.8456e-05
795 1.8485e-05
796 1.8496e-05
797 1.8556e-05
798 1.8585e-05
799 1.8586e-05
800 1.8616e-05
801 1.8666e-05
802 1.8675e-05
803 1.8696e-05
804 1.8696e-05
805 1.8746e-05
806 1.8776e-05
807 1.8756e-05
808 1.8796e-05
809 1.9167e-05
810 1.8856e-05
811 1.8896e-05
812 1.8927e-05
813 1.8926e-05
814 1.8946e-05
815 1.8916e-05
816 1.8976e-05
817 1.8996e-05
818 1.9027e-05
819 1.9036e-05
820 1.9056e-05
821 1.9066e-05
822 1.9107e-05
823 1.9127e-05
824 1.9167e-05
825 1.9237e-05
826 1.9196e-05
827 1.9197e-05
828 1.9246e-05
829 1.9287e-05
830 1.9577e-05
831 1.9327e-05
832 1.9377e-05
833 1.9627e-05
834 1.9507e-05
835 1.9508e-05
836 1.9427e-05
837 1.9477e-05
838 1.9628e-05
839 1.9628e-05
840 1.9678e-05
841 1.9687e-05
842 1.9547e-05
843 1.9588e-05
844 1.9648e-05
845 1.9607e-05
846 1.9818e-05
847 1.9637e-05
848 1.9657e-05
849 1.9848e-05
850 3.5488e-05
851 1.9738e-05
852 1.9738e-05
853 1.9998e-05
854 1.9828e-05
855 1.9818e-05
856 1.9838e-05
857 2.1781e-05
858 2.0038e-05
859 2.0179e-05
860 2.0208e-05
861 2.0329e-05
862 2.0159e-05
863 2.0368e-05
864 2.0278e-05
865 2.0439e-05
866 2.0099e-05
867 4.2e-05
868 0.000114649
869 2.0199e-05
870 2.0539e-05
871 2.0168e-05
872 2.0328e-05
873 2.0239e-05
874 2.075e-05
875 2.0329e-05
876 2.0288e-05
877 2.0309e-05
878 2.049e-05
879 2.092e-05
880 2.124e-05
881 3.2442e-05
882 2.057e-05
883 2.0599e-05
884 2.0429e-05
885 2.076e-05
886 2.0539e-05
887 2.069e-05
888 2.069e-05
889 2.072e-05
890 2.0769e-05
891 2.0639e-05
892 2.096e-05
893 2.1e-05
894 2.101e-05
895 2.102e-05
896 2.086e-05
897 2.094e-05
898 2.097e-05
899 2.096e-05
900 2.1922e-05
901 5.8562e-05
902 2.2102e-05
903 3.9635e-05
904 2.3345e-05
905 2.096e-05
906 2.2102e-05
907 2.114e-05
908 2.101e-05
909 2.117e-05
910 2.1821e-05
911 2.1571e-05
912 2.1622e-05
913 2.6841e-05
914 3.7622e-05
915 2.1541e-05
916 2.1361e-05
917 2.122e-05
918 3.7201e-05
919 2.2002e-05
920 2.129e-05
921 2.1621e-05
922 2.1461e-05
923 2.1852e-05
924 2.1601e-05
925 2.1952e-05
926 2.1681e-05
927 2.1691e-05
928 2.1592e-05
929 2.2143e-05
930 2.1642e-05
931 2.1652e-05
932 2.1832e-05
933 2.1671e-05
934 2.1711e-05
935 2.2022e-05
936 2.1642e-05
937 2.1941e-05
938 2.1802e-05
939 2.1952e-05
940 2.1852e-05
941 2.2774e-05
942 2.2012e-05
943 2.2142e-05
944 2.4678e-05
945 2.5528e-05
946 2.1822e-05
947 2.1902e-05
948 2.1872e-05
949 2.1912e-05
950 2.1922e-05
951 2.1952e-05
952 2.1982e-05
953 2.1992e-05
954 2.2063e-05
955 2.2052e-05
956 2.2082e-05
957 2.2102e-05
958 2.2102e-05
959 2.2122e-05
960 2.2302e-05
961 2.2172e-05
962 2.2363e-05
963 2.2212e-05
964 2.2243e-05
965 2.2273e-05
966 2.2523e-05
967 2.3705e-05
968 3.9856e-05
969 2.2363e-05
970 2.2423e-05
971 2.2473e-05
972 2.2513e-05
973 2.2533e-05
974 2.2814e-05
975 2.2493e-05
976 2.2693e-05
977 3.1651e-05
978 2.3024e-05
979 2.3355e-05
980 2.3785e-05
981 2.3174e-05
982 2.4878e-05
983 2.5128e-05
984 2.5499e-05
985 2.4206e-05
986 2.3224e-05
987 2.3184e-05
988 2.2914e-05
989 0.000105281
990 5.0818e-05
991 2.3325e-05
992 2.2854e-05
993 5.758e-05
994 2.5048e-05
995 0.000171086
996 2.3154e-05
997 3.3284e-05
998 2.3324e-05
999 2.5509e-05
