1 5.459e-06
2 5.161e-06
3 7.006e-06
4 6.471e-06
5 7.014e-06
6 6.25e-06
7 6.84e-06
8 5.806e-06
9 6.503e-06
10 5.791e-06
11 6.796e-06
12 5.463e-06
13 5.634e-06
14 5.405e-06
15 5.792e-06
16 5.506e-06
17 5.88e-06
18 5.534e-06
19 5.966e-06
20 5.43e-06
21 5.424e-06
22 5.632e-06
23 5.58e-06
24 5.402e-06
25 5.653e-06
26 5.501e-06
27 5.621e-06
28 5.468e-06
29 5.457e-06
30 5.414e-06
31 5.666e-06
32 5.474e-06
33 5.441e-06
34 5.46e-06
35 5.405e-06
36 5.433e-06
37 5.472e-06
38 5.522e-06
39 5.606e-06
40 5.398e-06
41 5.668e-06
42 5.652e-06
43 5.474e-06
44 5.416e-06
45 5.449e-06
46 5.437e-06
47 5.715e-06
48 5.623e-06
49 5.412e-06
50 5.384e-06
51 5.393e-06
52 5.378e-06
53 5.469e-06
54 5.416e-06
55 5.406e-06
56 5.459e-06
57 5.462e-06
58 5.721e-06
59 5.461e-06
60 5.41e-06
61 5.417e-06
62 5.453e-06
63 5.58e-06
64 5.449e-06
65 5.544e-06
66 5.473e-06
67 5.473e-06
68 5.507e-06
69 5.476e-06
70 5.476e-06
71 5.471e-06
72 5.829e-06
73 5.457e-06
74 5.47e-06
75 5.364e-06
76 5.583e-06
77 5.376e-06
78 5.532e-06
79 6.324e-06
80 5.425e-06
81 5.436e-06
82 5.381e-06
83 5.472e-06
84 5.61e-06
85 5.659e-06
86 5.591e-06
87 5.651e-06
88 5.635e-06
89 5.559e-06
90 5.512e-06
91 5.393e-06
92 5.627e-06
93 6.161e-06
94 5.434e-06
95 5.449e-06
96 5.581e-06
97 5.386e-06
98 5.449e-06
99 5.616e-06
