1 8.889e-06
2 1.4817e-05
3 1.7461e-05
4 2.2298e-05
5 2.544e-05
6 2.9227e-05
7 3.2868e-05
8 3.8749e-05
9 4.1278e-05
10 4.5149e-05
11 4.9325e-05
12 5.3166e-05
13 5.6418e-05
14 6.2612e-05
15 6.5342e-05
16 7.672e-05
17 7.445e-05
18 8.0946e-05
19 8.3716e-05
20 8.8704e-05
21 9.6146e-05
22 9.906e-05
23 0.000106478
24 0.000114618
25 0.000119218
26 0.000118364
27 0.000144796
28 0.000206606
29 0.00015109
30 0.00028619
31 0.000173812
32 0.000182727
33 0.000195763
34 0.000196828
35 0.000220396
36 0.000224446
37 0.00032154
38 0.000259721
39 0.000280579
40 0.00029296
41 0.000362805
42 0.000325934
43 0.000418148
44 0.000452136
45 0.000513212
46 0.000531415
47 0.000511389
48 0.000578189
49 0.00070046
